System solution:
x[0] = 11770820.849639
x[1] = 18818220.605797
x[2] = 8994598.615658
x[3] = -4932728.712377
x[4] = 831211.155327
x[5] = 20304189.840012
x[6] = 10577852.833985
x[7] = -2401046.426136
x[8] = 1381669.889113
x[9] = 6585169.769334
