System solution:
x[0] = -1.448031
x[1] = -6.491393
x[2] = -1.941859
x[3] = 8.052057
